/*--------------------------------*- C++ -*----------------------------------*\
  =========                 |
  \\      /  F ield         | OpenFOAM: The Open Source CFD Toolbox
   \\    /   O peration     | Website:  https://openfoam.org
    \\  /    A nd           | Version:  9
     \\/     M anipulation  |
\*---------------------------------------------------------------------------*/
FoamFile
{
    format      ascii;
    class       faceSet;
    location    "constant/polyMesh/sets";
    object      coupledFaces;
}
// * * * * * * * * * * * * * * * * * * * * * * * * * * * * * * * * * * * * * //


400
(
80000 
80001 
80002 
80003 
80004 
80005 
80006 
80007 
80008 
80009 
80010 
80011 
80012 
80013 
80014 
80015 
80016 
80017 
80018 
80019 
80020 
80021 
80022 
80023 
80024 
80025 
80026 
80027 
80028 
80029 
80030 
80031 
80032 
80033 
80034 
80035 
80036 
80037 
80038 
80039 
80040 
80041 
80042 
80043 
80044 
80045 
80046 
80047 
80048 
80049 
80050 
80051 
80052 
80053 
80054 
80055 
80056 
80057 
80058 
80059 
80060 
80061 
80062 
80063 
80064 
80065 
80066 
80067 
80068 
80069 
80070 
80071 
80072 
80073 
80074 
80075 
80076 
80077 
80078 
80079 
80080 
80081 
80082 
80083 
80084 
80085 
80086 
80087 
80088 
80089 
80090 
80091 
80092 
80093 
80094 
80095 
80096 
80097 
80098 
80099 
80100 
80101 
80102 
80103 
80104 
80105 
80106 
80107 
80108 
80109 
80110 
80111 
80112 
80113 
80114 
80115 
80116 
80117 
80118 
80119 
80120 
80121 
80122 
80123 
80124 
80125 
80126 
80127 
80128 
80129 
80130 
80131 
80132 
80133 
80134 
80135 
80136 
80137 
80138 
80139 
80140 
80141 
80142 
80143 
80144 
80145 
80146 
80147 
80148 
80149 
80150 
80151 
80152 
80153 
80154 
80155 
80156 
80157 
80158 
80159 
80160 
80161 
80162 
80163 
80164 
80165 
80166 
80167 
80168 
80169 
80170 
80171 
80172 
80173 
80174 
80175 
80176 
80177 
80178 
80179 
80180 
80181 
80182 
80183 
80184 
80185 
80186 
80187 
80188 
80189 
80190 
80191 
80192 
80193 
80194 
80195 
80196 
80197 
80198 
80199 
79600 
79601 
79602 
79603 
79604 
79605 
79606 
79607 
79608 
79609 
79610 
79611 
79612 
79613 
79614 
79615 
79616 
79617 
79618 
79619 
79620 
79621 
79622 
79623 
79624 
79625 
79626 
79627 
79628 
79629 
79630 
79631 
79632 
79633 
79634 
79635 
79636 
79637 
79638 
79639 
79640 
79641 
79642 
79643 
79644 
79645 
79646 
79647 
79648 
79649 
79650 
79651 
79652 
79653 
79654 
79655 
79656 
79657 
79658 
79659 
79660 
79661 
79662 
79663 
79664 
79665 
79666 
79667 
79668 
79669 
79670 
79671 
79672 
79673 
79674 
79675 
79676 
79677 
79678 
79679 
79680 
79681 
79682 
79683 
79684 
79685 
79686 
79687 
79688 
79689 
79690 
79691 
79692 
79693 
79694 
79695 
79696 
79697 
79698 
79699 
79700 
79701 
79702 
79703 
79704 
79705 
79706 
79707 
79708 
79709 
79710 
79711 
79712 
79713 
79714 
79715 
79716 
79717 
79718 
79719 
79720 
79721 
79722 
79723 
79724 
79725 
79726 
79727 
79728 
79729 
79730 
79731 
79732 
79733 
79734 
79735 
79736 
79737 
79738 
79739 
79740 
79741 
79742 
79743 
79744 
79745 
79746 
79747 
79748 
79749 
79750 
79751 
79752 
79753 
79754 
79755 
79756 
79757 
79758 
79759 
79760 
79761 
79762 
79763 
79764 
79765 
79766 
79767 
79768 
79769 
79770 
79771 
79772 
79773 
79774 
79775 
79776 
79777 
79778 
79779 
79780 
79781 
79782 
79783 
79784 
79785 
79786 
79787 
79788 
79789 
79790 
79791 
79792 
79793 
79794 
79795 
79796 
79797 
79798 
79799 
)

// ************************************************************************* //
